commodity_unit_names_tables	0
unit
barrels
bundle
cages
chests
ingot
kegs
kilnful
logs
ounce
sacks
slabs
